0.09508241490506471
-0.1553680378321947
0.5218321287826099
0.406173908653645
0.42078986649235733
0.6913185475228282
0.7783143971990237
0.7498030494861322
1.058362182430338
0.8144109812821984
0.02299721617005779
-0.2213412345784392
-0.029899701224495263
-0.6550835361197059
-0.7219819383801368
-0.734313062315358
-1.0020775448198862
0.009783240326040386
-0.0013205562362054
0.0017609502889832
1.545359338472777
1.5326262573197629
1.5484031683365933
1.4483252700645972
0.3857027947288695
0.15158892824022982
0.16253054954342736
0.35320496142163926
0.21462035866010534
0.2884475120874748
0.9827592894918284
1.0129495002812245
1.142804288289109
-0.999182482771958
-0.972529987474772
0.16707588976885154