-0.2713847779807584
0.04136796215291437
0.035807823961436114
0.02330961719360254
0.03752086686794187
0.03726132980190446
0.03703501867436799
0.03754223318235624
-0.49098259788773374
0.03764161141462128
0.03563449475719534
0.035014250289232725
0.037480983549572085
0.03703537880460526
0.03703739924676519
0.037037049157797194
-0.2217958485575569
-0.08295255704665586
-0.12336782561838656
-0.27196957003602323
-0.005787434736161572
0.03651359905681374
0.03628321894959203
0.03701461121768384
0.01891892207587192
0.03597093701901201
0.020084627038547083